offset:
  l_ankle_pitch: -0.06980788452700912
  l_ankle_roll: 0.04363227499666284
  l_knee_pitch: -0.04190475987701301
  r_ankle_pitch: -0.4363290090793808
  r_hip_yaw: -0.7853981625000001
  r_knee_pitch: -0.03490081270712839
init_pose_for_offset_tuner:
  l_ankle_pitch: 0
  l_ankle_roll: 0
  l_knee_pitch: 0
  r_ankle_pitch: 0
  r_hip_yaw: 0
  r_knee_pitch: 0