offset:
  head_pitch: 0.01074310893991207
  head_yaw: -0.00153398046875
  l_ankle_pitch: -0.0801041250046322
  l_ankle_roll: 0.00208428454653403
  l_elbow_pitch: -0.009203882812500001
  l_hip_pitch: -0.01395156232499806
  l_hip_roll: 0.01046523652193663
  l_hip_yaw: 0.02302095251783097
  l_knee_pitch: -0.05409751151859947
  l_shoulder_pitch: -0.006135921875
  l_shoulder_roll: 0.001022986649299902
  r_ankle_pitch: 0.05861033181304703
  r_ankle_roll: 0.0006885024027589889
  r_elbow_pitch: 0.01074310893991207
  r_hip_pitch: 0.09248465002878928
  r_hip_roll: -0.006966392493370497
  r_hip_yaw: -0.00818123086875
  r_knee_pitch: -0.1396157690540182
  r_shoulder_pitch: 0
  r_shoulder_roll: -0.004090614583333333
init_pose_for_offset_tuner:
  head_pitch: 0
  head_yaw: 0
  l_ankle_pitch: 0
  l_ankle_roll: 0
  l_elbow_pitch: 0
  l_hip_pitch: 0
  l_hip_roll: 0
  l_hip_yaw: 0
  l_knee_pitch: 0
  l_shoulder_pitch: 0
  l_shoulder_roll: 0
  r_ankle_pitch: 0
  r_ankle_roll: 0
  r_elbow_pitch: 0
  r_hip_pitch: 0
  r_hip_roll: 0
  r_hip_yaw: 0
  r_knee_pitch: 0
  r_shoulder_pitch: 0
  r_shoulder_roll: 0