offset:
  head_pitch: 0.007673649242794334
  head_yaw: -0.006135921875
  l_ankle_pitch: -0.05112443296123111
  l_ankle_roll: 0.009050677039904528
  l_elbow_pitch: -0.0337475703125
  l_hip_pitch: -0.0104151636199178
  l_hip_roll: 0.00435008336288634
  l_hip_yaw: 0.027251
  l_knee_pitch: -0.05408499329309476
  l_shoulder_pitch: -0.006135921875
  l_shoulder_roll: 0.007160906545099317
  r_ankle_pitch: 0.02650108339346872
  r_ankle_roll: 0.001683701330383346
  r_elbow_pitch: 0.02148621787982414
  r_hip_pitch: 0.08282057993915402
  r_hip_roll: -0.006966392493370497
  r_hip_yaw: -0.00869256
  r_knee_pitch: 0.06110145868848409
  r_shoulder_pitch: 0.001534729848558867
  r_shoulder_roll: -0.003067960937500001
init_pose_for_offset_tuner:
  head_pitch: 0
  head_yaw: 0
  l_ankle_pitch: 0
  l_ankle_roll: 0
  l_elbow_pitch: 0
  l_hip_pitch: 0
  l_hip_roll: 0
  l_hip_yaw: 0
  l_knee_pitch: 0
  l_shoulder_pitch: 0
  l_shoulder_roll: 0
  r_ankle_pitch: 0
  r_ankle_roll: 0
  r_elbow_pitch: 0
  r_hip_pitch: 0
  r_hip_roll: 0
  r_hip_yaw: 0
  r_knee_pitch: 0
  r_shoulder_pitch: 0
  r_shoulder_roll: 0
