offset:
  head_pitch: 0.007673649242794334
  head_yaw: -0.00153398046875
  l_ankle_pitch: -0.08009786589187984
  l_ankle_roll: 0.002078025433781676
  l_elbow_pitch: -0.006135921875
  l_hip_pitch: -0.0139453032122457
  l_hip_roll: 0.01045271829643192
  l_hip_yaw: 0.01841676201426478
  l_knee_pitch: -0.05409125240584711
  l_shoulder_pitch: -0.004601941406250001
  l_shoulder_roll: 0.003068959947899708
  r_ankle_pitch: 0.05860407270029467
  r_ankle_roll: 0.0006697250645019256
  r_elbow_pitch: 0.007673649242794334
  r_hip_pitch: 0.09247839091603693
  r_hip_roll: -0.006947615155113434
  r_hip_yaw: -0.007669903939453125
  r_knee_pitch: 0.07504050278797744
  r_shoulder_pitch: -0.004601941406250001
  r_shoulder_roll: -0.004090614583333333
init_pose_for_offset_tuner:
  head_pitch: 0
  head_yaw: 0
  l_ankle_pitch: 0
  l_ankle_roll: 0
  l_elbow_pitch: 0
  l_hip_pitch: 0
  l_hip_roll: 0
  l_hip_yaw: 0
  l_knee_pitch: 0
  l_shoulder_pitch: 0
  l_shoulder_roll: 0
  r_ankle_pitch: 0
  r_ankle_roll: 0
  r_elbow_pitch: 0
  r_hip_pitch: 0
  r_hip_roll: 0
  r_hip_yaw: 0
  r_knee_pitch: 0
  r_shoulder_pitch: 0
  r_shoulder_roll: 0